R1 = 0.45804
R2 = -5.45804
