1
617
891
979
1723
2267
2287
2369
2934
3045
3265
4149
4796
5189
5725
6032
6387
6441
7152
7636
7976
8393
9038
9772
10608
11338
11914
12841
13497
13691
13985
14376
14560
15330
15805
16180
16358
17328
17650
18362
18513
18540
18663
18843
18990
19247
19590
20422
20924
21299
21414
22256
22956
23432
23838
24175
24368
24714
24803
24989
25357
26131
26700
27504
27849
28568
29092
29317
29548
30435
31252
31282
31519
32312
32928
33692
33873
34873
35726
36607
37378
37820
37841
38826
39661
39959
40819
40847
41358
42219
42536
43076
43428
43691
43726
43964
44272
44999
45019
45372
45817
46506
47106
47894
48063
48683
49323
49595
50279
50624
51289
52052
53042
53140
53241
54190
55068
55423
55819
55913
56347
56977
57567
58253
58634
58814
59461
60381
61024
61912
62820
63186
63772
63792
64641
65353
65696
66288
66996
67398
67653
68434
68575
69088
69152
69352
69983
70981
71227
71245
71513
71694
71762
72137
73052
73316
73574
74384
75057
75730
75977
76035
76516
77313
78058
78202
78821
79144
79477
79849
80128
80788
81144
81992
82681
82890
83701
84494
85092
85814
86590
86913
87439
88085
88163
89141
89455
90167
90192
90407
90892
90922
91833
92278
93232
94219
94371
94888
95810
96794
97362
98197
99055
99107
99392
99735
99784
100397
101005
101840
102451
103363
103397
103870
104190
104469
105071
105096
105819
106199
106250
107063
107459
107947
108176
108504
108765
108901
109890
110485
110984
111353
112271
112952
113363
114347
115120
115340
115552
116364
116919
117822
117996
118051
119049
119220
119297
119652
120224
121169
121615
122174
123051
123530
124229
124803
125140
125833
126313
126624
126933
127259
127967
128033
128961
128965
129662
130233
131142
131696
132089
132539
133387
134251
135033
135314
135379
135511
135828
136445
137116
137194
138075
138151
138963
139885
140752
141396
141608
142472
143046
143481
144415
144704
145038
145416
145825
146663
147577
148128
149113
149674
150202
150808
151764
151772
152497
152761
153642
154101
154571
154617
155203
155562
156207
156834
157710
158313
158707
159113
159999
160642
160914
161751
162562
163157
163497
163865
164822
165784
166425
166742
167100
167520
167564
167768
168529
168742
168920
169674
170206
170470
170909
171460
172247
172267
173126
173392
174367
174790
175743
175803
176532
176697
177328
177950
178578
179443
179559
180209
180652
180801
181671
181843
182571
182873
183559
184319
184454
184562
185073
185166
185562
186368
186618
187197
187853
188282
189053
189597
189985
190288
190296
190399
191068
191781
191803
192606
193348
193852
194461
194906
195771
196375
196928
197379
198111
198595
199224
200144
200222
200273
201150
201195
202185
202630
202730
203179
204145
204753
205232
205402
206104
206737
207002
207657
208419
209272
209966
210952
211678
212149
212263
212808
213517
213826
214591
214814
215045
215395
215713
216119
216285
216878
217294
218058
218176
218731
219002
219119
219787
220526
221485
222406
222587
223463
224016
224996
225157
225570
225775
225810
226129
226671
226911
227165
227365
228348
229194
229726
229884
229933
230671
230730
231365
231905
232006
232451
233443
234011
234392
234571
234730
235667
236498
237437
237543
238107
238471
238746
239565
239890
240786
241621
242453
243349
243482
244121
244578
245569
245586
246242
247080
247124
247774
248522
249011
249783
250292
250889
251347
251358
251977
252951
253452
254440
254497
254521
254896
255734
256243
256257
257073
257405
257622
258438
259356
260288
260519
261056
261352
261603
262437
262585
263173
263219
263457
263500
264379
264723
265490
266384
267186
267769
268469
268686
268953
269802
270189
271047
271467
271864
272177
272233
273214
274023
274750
275654
276401
276682
276819
277009
277507
278030
278109
278700
279568
279929
280469
281101
281305
281428
282335
283014
283738
284147
284665
285119
285170
285721
286311
286319
287212
287270
287587
288210
288831
289256
289664
290402
291175
292103
292584
292785
293135
293582
294412
294732
294815
295553
295830
295973
296061
296401
297155
297422
298289
299141
299762
299848
299946
300905
301170
301401
302201
302841
303065
303909
304766
305062
305830
306233
306908
307275
307759
307978
308670
308921
309185
310169
310877
310928
311421
312396
313022
313756
314521
314662
314851
315225
316116
316210
316829
317630
318280
318291
318602
318705
318982
319465
319762
320302
320414
320881
321344
321858
322165
322515
322888
323802
324494
324642
325287
325998
326615
326898
327560
328414
328565
329332
330172
330577
331179
331705
332499
332851
333742
333804
334275
334661
335401
335463
336447
336452
336773
337722
337850
338402
339074
339179
340004
340628
340681
341588
341847
342501
342978
343234
344016
344241
345042
345924
346841
347735
347737
348450
349200
349460
349899
349962
350141
350244
350906
351297
352254
353016
353352
353803
354036
354081
355005
355016
355846
356750
357577
357692
358495
359189
359238
359819
360117
360988
361049
361353
361588
362575
362759
362996
363641
364113
364939
365314
365534
366483
367083
367399
368246
368421
369412
369450
370310
371031
371043
371820
372354
373302
374007
374274
374513
374798
375328
375960
376396
377243
377336
377772
378291
378616
378922
379315
380067
380641
380773
380941
381526
382348
383001
383836
384352
384880
385606
386067
386662
386968
387877
388214
388769
389455
389791
390380
391051
391194
391548
392541
392851
393162
393234
394036
394798
395473
395981
396519
396742
397562
397678
398141
398786
399576
400065
400606
401508
402200
402702
402860
403185
403537
404085
404874
404915
405880
406518
406686
407056
407896
408796
409157
410065
410913
411498
412279
412475
413186
414171
415062
415149
415647
416407
416624
416676
417417
417980
418297
418894
419104
419805
419837
420065
420582
421185
421808
422448
422580
423161
423242
423688
424263
424703
425504
426248
426524
426957
427069
427073
427824
428179
429121
429852
430299
430459
430947
431111
431716
432411
432859
433697
433798
434369
434645
435315
435438
436272
436944
437919
438218
438246
438333
439019
439287
440158
441133
441515
442294
443080
443159
443987
444425
445125
445806
446151
446903
447900
448687
449346
449552
449951
450557
450743
450827
451678
452167
452297
452858
453101
453228
453965
454241
454945
455593
456520
457321
457570
457585
458391
459217
460068
460332
461095
461631
462102
462567
463074
463279
463398
464297
464984
465515
466398
466887
467161
467584
468150
468261
468903
468916
469351
469381
469721
470460
471240
471948
472863
473246
473671
473894
474001
474788
475057
475522
476435
477241
477398
478199
478393
478547
479509
480147
480716
481280
481595
482017
482023
482152
482746
483157
483451
483999
484129
485062
485525
485854
486236
486957
487554
488368
489366
489645
490524
490727
491482
491918
492061
492968
493003
493726
494209
494941
495076
495835
496513
496715
497250
497885
498177
498268
498526
499319
499632
500425
500630
501624
502387
502580
503009
503518
504465
505452
506370
506497
507181
507285
508221
508513
509416
509868
510355
510370
511305
511816
512639
513418
513959
514247
514307
514692
514952
514975
515723
516097
516629
516805
517097
517742
517813
518129
518548
518935
519750
520510
520923
521445
522022
522845
523118
523879
523987
524385
525325
526251
526983
527173
527332
528299
529241
529423
530002
530328
530855
531631
531926
532075
532664
532823
533346
533878
534359
535217
535932
536878
537105
537385
537763
538472
539109
539743
539976
540278
540296
541080
541476
542265
543012
543102
543568
544505
544994
545218
545700
546289
546730
547717
547914
548780
548991
549695
550103
550700
550990
551455
552437
552517
552647
553047
553577
553729
554697
555149
556056
556298
556998
557588
558321
558418
558455
558471
558687
559684
560090
560852
561358
561967
562929
563012
563941
564742
565075
566038
566269
566340
567055
567331
567925
568659
568935
569385
569980
570174
570935
571045
571686
572558
572875
573019
573862
574000
574903
575248
575289
575567
576360
576386
576633
577085
577324
578175
578677
579037
579139
579587
579759
580404
581066
581648
581777
582591
582619
582834
583393
583764
583894
584285
584342
584933
585164
585655
586320
586738
587479
588159
589114
589827
590089
590354
590631
591244
591870
592103
592865
593049
594014
594034
594874
595650
595764
596295
596791
597554
598003
598129
598894
599641
599947
600012
600357
600914
601516
601556
601969
602103
603014
603082
603674
603942
604788
605284
605849
605862
606555
606951
607771
607992
608367
608408
608626
609472
610469
611010
611622
612161
612217
612648
613457
613504
613505
613677
614067
614923
615641
615951
616587
617104
617282
617785
618549
619481
619700
619940
620206
620671
621385
621933
622384
623327
623831
624774
625504
626156
626673
626769
627282
627902
628761
629245
629545
630130
630707
631213
631650
632548
632672
632682
633129
633160
633389
633610
633654
633893
634315
635000
635185
635895
635913
636230
636717
636884
637646
637693
638656
639264
639841
640109
640261
640756
641303
642013
642370
642976
643060
644045
644772
645551
645996
646962
647283
647311
647842
648401
648922
649014
649408
650042
650721
651533
652086
652856
653791
654437
654475
654833
655357
656178
656202
657160
657301
658135
658474
659108
659964
660803
661740
662331
662738
663119
663970
664155
664253
664280
664618
664749
665650
666057
666627
667612
667724
668118
668654
668936
669218
669515
669564
669894
670570
671102
671540
672094
672121
672502
672586
673494
674250
674813
675279
675607
675685
676079
676536
677343
677392
678298
678526
679081
679780
680157
680511
680710
681304
682228
682504
682692
683295
683466
684342
684466
684763
685024
685727
685813
686582
686600
687494
687733
688046
688836
689622
690431
691003
691366
691442
691518
691667
692562
693277
693521
693773
694452
694860
695553
696440
696669
696836
697074
697928
698241
698566
699076
699467
699774
700408
700694
701405
702310
702681
703194
703737
704497
705456
705829
706547
706669
707189
707597
708153
708439
709312
709499
709948
710786
711063
711151
711984
712187
712289
712628
713221
713678
713861
713898
714290
714960
715318
716157
716479
717177
717489
718004
718195
718373
718748
718962
719265
719846
719886
720101
720228
720771
721238
721658
722293
722620
723415
724187
724231
724508
724744
725010
725981
726761
727503
727937
728808
729291
729722
730565
730942
731642
731979
732086
732922
733321
734004
734227
734506
734611
735087
735167
735768
736645
736744
737513
737835
738601
739591
739878
739896
740312
740465
741259
741669
741947
742660
743409
744126
744601
745310
745373
745465
746389
747029
747582
748080
748199
749117
749879
750033
750343
751078
751546
751915
752204
752937
753489
753493
754370
755070
755427
755857
756578
757265
758001
758399
759175
759369
760154
760336
761090
761529
762202
762887
763178
764111
764172
764779
765589
766055
766519
767222
767742
768284
768727
769718
769848
770453
770877
771194
771712
772163
772452
772782
773593
773911
774415
775188
775629
775935
776469
776515
776878
777134
777237
778217
778849
779260
779781
780601
781090
781863
782549
783289
783586
784349
784979
785503
786209
786328
786709
787351
787858
788622
789109
789731
790000
790631
790733
791524
791540
792212
792214
792661
792668
793346
793387
793955
794839
795220
795989
796437
797028
797315
797916
798400
799180
799533
799627
800479
800783
800827
801448
801756
801823
802708
802811
803531
803798
804316
804475
804815
804823
805328
805969
806265
807111
807217
808200
808815
809510
810153
810866
811757
812452
812582
812625
813448
813927
814814
815477
815870
816134
816900
816989
817700
818074
819056
819732
820387
820692
820716
821624
822010
822652
822775
823668
824651
824994
825662
826429
826733
826792
826919
827795
828020
828578
829335
830224
830534
831189
831852
832148
832352
832631
833278
833837
834424
835170
835978
836059
836699
836793
837582
838276
838913
839412
840015
840420
840920
840994
841411
841858
842672
842959
843624
843784
844011
844931
845382
845487
846360
846503
846913
847554
848014
848734
848885
848992
849986
850741
851664
851861
852696
853592
854195
854915
855243
855754
856018
856295
856458
857398
857425
857957
858694
859036
859900
860124
860217
860690
861394
861524
861970
862564
863182
863213
864039
864277
864716
864721
865315
865496
866141
866559
867449
867620
868318
868343
868892
869770
870235
871101
871158
871493
872143
872846
873256
873978
874699
874813
875292
876211
877103
877236
877774
878682
879109
879178
879769
880410
880767
880859
881797
882682
882869
883480
883948
884447
884700
885274
885995
886608
887109
887979
888388
888850
889228
890043
890843
891402
891828
892287
892688
893484
894149
894913
895778
896026
896695
897224
897835
898586
898833
899215
899956
900366
900998
901450
901482
901702
902224
902514
902972
903455
904341
905176
905352
906270
906677
906765
907638
908533
909118
909513
910448
910985
911649
912219
912394
913046
913792
914044
914928
915456
916192
917130
917309
918270
919074
919864
920557
921531
922076
922993
923038
923472
924456
925390
925692
926353
926994
927875
928169
928760
929351
929846
930560
931507
931695
932641
932778
932822
932938
933837
934660
935467
936136
936149
936321
936801
937060
937323
937944
938787
938872
939416
939805
940365
940741
941099
941612
941942
942666
943331
944284
944436
945420
945624
945679
946295
947139
947444
947544
947736
948335
949018
949700
950179
950229
950464
951317
952200
952407
953263
953414
954228
955151
955741
956381
956942
957546
957752
958144
958909
959337
959717
960626
961095
962050
962628
963061
963721
964084
964828
965220
966196
966223
966583
967268
967616
968057
968210
968621
968958
969545
970232
970455
971006
971452
972426
973315
973660
974235
974482
975302
975440
975468
976162
976837
977132
977590
977735
978059
978080
978081
978382
978724
979084
979960
980496
981326
982314
982527
982649
983302
983538
983925
983985
984408
985102
986047
986247
986968
987323
987741
988046
988618
989013
989256
989366
989704
990010
990704
991323
992112
992198
992465
993304
993373
993541
993573
994148
994433
995097
995807
996175
997123
997727
998067
998686
999440
